0.22878900577127934 0
0.08572561974078417 1
0.0438933886140585 2
0.026158823616802693 3
0.017159032145142555 4
0.012073752405742804 5
0.008975240264087915 6
0.006933888067491353 7
0.0055346348695456985 8
0.0045577566485852 9
0.003838346173817461 10
0.003273442583779494 11
0.002854339499313098 12
0.0025032724949664302 13
0.0022125470768660305 14
0.0019998842549975963 15
0.0018136611395679853 16
0.001656364198670619 17
0.0015191699131146858 18
0.0014017724240198732 19
0.001305121163793263 20
0.0012128269494595854 21
0.001129756985232234 22
0.001067558785279592 23
0.001003964165225625 24
0.0009541260547792683 25
0.0009123353003351776 26
0.0008621486176603607 27
0.0008251549485300122 28
0.0007903464751938978 29
0.000747871634880862 30
0.0007169594741426408 31
0.0006870776858519424 32
0.0006635841638507212 33
0.0006372020362211125 34
0.0006142550152726472 35
0.0005950259638799203 36
0.0005774006447999885 37
0.0005578915004928907 38
0.0005403689837548882 39
0.0005204575021365066 40
0.0005056821524298617 41
0.000487995624628871 42
0.0004831449235577814 43
0.0004627376750732462 44
0.0004561554012293725 45
0.0004406807971721951 46
0.00042917384857234236 47
0.00041731218818803225 48
0.0004117749804444611 49
0.00039814388726417923 50
0.0003907156103433898 51
0.0003864160109451919 52
0.0003739910851991563 53
0.0003673724380745129 54
0.0003565352434857882 55
0.00035138542744282046 56
0.000343582430758096 57
0.00033916015645204964 58
0.00033211008116292457 59
0.0003224871408988218 60
0.00031625590495945464 61
0.0003133611756687363 62
0.00030628342121781315 63
0.00030604810064228683 64
0.0002980245537773678 65
0.000293321097380857 66
0.0002902633763219723 67
0.00028011801227441303 68
0.00027828645879136664 69
0.0002753677901510202 70
0.00027003754979361676 71
0.00026432431069496154 72
0.00025989246037411124 73
0.0002543682015190522 74
0.0002553348260515026 75
0.00025126211808438036 76
0.0002467350376865421 77
0.00024261969439921122 78
0.00023836380393477157 79
Frame accuracy is 0.264
